0.000000 -0.000150971 -0.000710083 -0.000253448 -0.000136314 -0.000058530 -0.000249627 1.000000000
0.000000 -0.000151359 -0.000712967 -0.000254220 -0.000125417 -0.000058488 -0.000251111 1.000000000
0.000000 -0.000151359 -0.000712967 -0.000254220 -0.000125417 -0.000058488 -0.000251111 1.000000000
0.000000 -0.000151359 -0.000712967 -0.000254220 -0.000125417 -0.000058488 -0.000251111 1.000000000
0.000000 -0.000151359 -0.000712967 -0.000254220 -0.000125417 -0.000058488 -0.000251111 1.000000000
0.000000 -0.000151359 -0.000712967 -0.000254220 -0.000125417 -0.000058488 -0.000251111 1.000000000
0.000000 -0.000137797 -0.000709515 -0.000222118 -0.000127505 -0.000064326 -0.000253503 1.000000000
0.000000 0.000006006 -0.000660769 0.000115070 -0.000156083 -0.000087063 -0.000298264 0.999999940
0.000000 0.000161670 -0.000674900 0.000477681 -0.000329342 -0.000097046 -0.000372632 0.999999881
0.000000 0.000479884 -0.000415188 0.001843597 -0.000080396 0.000139671 -0.000211200 1.000000000
0.000000 0.001354243 -0.000332655 0.003326407 -0.000139512 0.000066549 -0.000231801 1.000000000
0.000000 0.001150208 -0.000284569 0.003917952 -0.000187504 0.000180085 -0.000317717 1.000000000
0.000000 0.001310572 -0.000277720 0.004190791 -0.000146278 0.000162994 -0.000266257 0.999999940
0.000000 0.001367262 -0.000252732 0.004661622 -0.000199356 0.000249285 -0.000391809 0.999999940
0.000000 0.001303285 -0.000212929 0.004576807 -0.000091039 0.000158821 -0.000214160 1.000000000
0.000000 0.002018091 -0.000064450 0.006285503 -0.000227441 0.000206563 -0.000380112 0.999999940
0.000000 0.001668765 -0.000149371 0.005258675 -0.000073922 0.000096069 -0.000096529 1.000000000
0.000000 0.001806537 -0.000279715 0.005689689 -0.000395596 0.000091835 -0.000529050 0.999999821
0.000000 0.003104757 0.000200319 0.009351870 -0.000271981 0.000254495 -0.000415067 0.999999881
0.000000 0.003824780 0.000487941 0.011451778 -0.000076914 0.000280294 0.000067276 1.000000000
0.000000 0.004622910 0.000692199 0.013582584 -0.000180680 0.000381324 0.000130402 0.999999940
0.000000 0.005157836 0.000881697 0.015341572 -0.000144714 0.000208819 0.000232141 0.999999940
0.000000 0.005700513 0.001130025 0.017258400 -0.000038211 0.000513058 0.000441402 0.999999821
0.000000 0.006160328 0.001331464 0.018890755 -0.000015033 0.000552728 0.000039015 0.999999881
0.000000 0.006739587 0.001569424 0.020786682 0.000057363 0.000455457 0.000292403 0.999999881
0.000000 0.007289106 0.001603070 0.022229999 -0.000170867 0.000648299 0.000408106 0.999999702
0.000000 0.007095817 0.001811669 0.023175696 -0.000025888 0.000803994 0.000199815 0.999999642
0.000000 0.007078998 0.001826839 0.023720067 -0.000066934 0.001042119 0.000383844 0.999999404
0.000000 0.007060804 0.001910930 0.024325365 0.000036664 0.000985391 0.000399280 0.999999464
0.000000 0.007061200 0.001937660 0.024698902 -0.000028701 0.000945990 -0.000084954 0.999999583
0.000000 0.006916541 0.001906291 0.024712514 -0.000079407 0.001019392 0.000154765 0.999999464
0.000000 0.007052897 0.001932150 0.024554545 0.000021286 0.000765578 0.000097926 0.999999702
0.000000 0.007212752 0.001925920 0.024931183 0.000018392 0.001074698 0.000208360 0.999999404
0.000000 0.007232294 0.001936416 0.024997337 -0.000007501 0.000805657 0.000219246 0.999999642
0.000000 0.007267556 0.001958945 0.025152713 0.000000912 0.000879935 0.000468399 0.999999523
