0.000000 0.0000000 0.0000000 0.0000000 -0.0000000 -0.0000000 -0.0000000 1.0000000
0.000000 0.0001033 -0.0001074 0.0001184 0.0002143 -0.0000054 0.0001115 1.0000000
0.000000 0.0001366 -0.0000976 0.0002005 0.0002118 -0.0000706 0.0001072 1.0000000
0.000000 0.0001632 -0.0000832 0.0002865 0.0002884 0.0000163 0.0002872 0.9999999
0.000000 0.0025396 0.0010863 0.0113443 0.0002829 0.0006453 0.0002588 0.9999998
0.000000 0.0036051 0.0012731 0.0129771 0.0003963 0.0004971 0.0007074 0.9999996
0.000000 0.0040853 0.0013847 0.0138252 0.0003673 0.0006252 0.0004969 0.9999996
0.000000 0.0072875 0.0018015 0.0178821 0.0003824 -0.0002780 0.0006053 0.9999997
0.000000 0.0072988 0.0018029 0.0179219 0.0003946 -0.0000845 0.0009931 0.9999995
0.000000 0.0073327 0.0018048 0.0179641 0.0005373 -0.0001581 0.0009196 0.9999995
0.000000 0.0073352 0.0018075 0.0180198 0.0002910 -0.0000682 0.0005570 0.9999998
0.000000 0.0073312 0.0018013 0.0180015 0.0004432 -0.0004837 0.0011130 0.9999992
0.000000 0.0075062 0.0018542 0.0185808 0.0003687 0.0008550 0.0009826 0.9999991
0.000000 0.0075376 0.0018717 0.0186698 0.0004726 0.0010740 0.0006881 0.9999991
0.000000 0.0076144 0.0019115 0.0190903 0.0004385 0.0028928 0.0008276 0.9999954
0.000000 0.0075023 0.0019216 0.0192862 0.0001702 0.0068664 0.0006030 0.9999762
0.000000 0.0075668 0.0019425 0.0194736 0.0002914 0.0075224 0.0005979 0.9999715
0.000000 0.0078466 0.0020676 0.0205201 0.0004343 0.0106651 -0.0000478 0.9999431
0.000000 0.0080041 0.0021101 0.0209771 0.0004440 0.0114106 -0.0000233 0.9999349
0.000000 0.0081200 0.0021580 0.0214280 0.0003843 0.0134263 0.0002188 0.9999098
0.000000 0.0081469 0.0021713 0.0215593 0.0002686 0.0139015 0.0000207 0.9999034
0.000000 0.0082990 0.0022155 0.0219357 0.0002683 0.0141027 0.0002102 0.9999005
0.000000 0.0085760 0.0022969 0.0227146 0.0004041 0.0141255 0.0003873 0.9999001
0.000000 0.0086375 0.0023173 0.0228647 0.0005171 0.0141121 0.0004573 0.9999002
0.000000 0.0086912 0.0023327 0.0229892 0.0004413 0.0140471 0.0002512 0.9999012
0.000000 0.0088042 0.0023650 0.0231993 0.0006766 0.0140898 0.0007831 0.9999002
0.000000 0.0088614 0.0023824 0.0234214 0.0006600 0.0141821 0.0006685 0.9998990
0.000000 0.0089842 0.0024108 0.0235859 0.0007589 0.0139328 0.0008150 0.9999023
0.000000 0.0091150 0.0024360 0.0238416 0.0006476 0.0138528 0.0008591 0.9999035
0.000000 0.0092430 0.0024629 0.0240650 0.0007298 0.0136167 0.0009503 0.9999066
0.000000 0.0094491 0.0025054 0.0244005 0.0007932 0.0130880 0.0013467 0.9999132
0.000000 0.0097077 0.0025511 0.0247912 0.0008631 0.0128654 0.0016356 0.9999155
0.000000 0.0098606 0.0025757 0.0250107 0.0008447 0.0124797 0.0015766 0.9999205
0.000000 0.0099993 0.0025871 0.0252149 0.0006224 0.0122976 0.0012227 0.9999235
0.000000 0.0101498 0.0026047 0.0254154 0.0004517 0.0118477 0.0013807 0.9999288
0.000000 0.0102998 0.0026261 0.0256367 0.0002668 0.0115895 0.0011361 0.9999322
0.000000 0.0106183 0.0026764 0.0260868 0.0004636 0.0109067 0.0016101 0.9999391
0.000000 0.0108049 0.0026840 0.0262251 0.0001015 0.0102466 0.0009457 0.9999471
0.000000 0.0109758 0.0027249 0.0264965 0.0004469 0.0098575 0.0013700 0.9999504
0.000000 0.0110964 0.0027572 0.0268054 0.0005143 0.0102049 0.0016278 0.9999465
0.000000 0.0112311 0.0028030 0.0271930 0.0005847 0.0101408 0.0018818 0.9999467
0.000000 0.0113685 0.0028362 0.0275219 0.0006214 0.0103701 0.0019964 0.9999441
0.000000 0.0115930 0.0028982 0.0280393 0.0008139 0.0102308 0.0022409 0.9999449
0.000000 0.0117466 0.0029334 0.0283844 0.0005598 0.0102318 0.0019868 0.9999456
0.000000 0.0119010 0.0029820 0.0287196 0.0011254 0.0104047 0.0027827 0.9999414
0.000000 0.0120676 0.0030170 0.0290809 0.0010228 0.0104272 0.0029349 0.9999408
0.000000 0.0121067 0.0030327 0.0292507 0.0007458 0.0103527 0.0024582 0.9999431
0.000000 0.0121509 0.0030465 0.0293842 0.0007912 0.0103061 0.0027030 0.9999430
0.000000 0.0122106 0.0030584 0.0294807 0.0010314 0.0098532 0.0030954 0.9999461
0.000000 0.0123924 0.0030832 0.0296982 0.0010521 0.0088288 0.0033807 0.9999548
0.000000 0.0124388 0.0030874 0.0297576 0.0008251 0.0083372 0.0031344 0.9999600
0.000000 0.0124940 0.0030925 0.0297855 0.0010191 0.0077934 0.0035530 0.9999628
0.000000 0.0125459 0.0030957 0.0298218 0.0007762 0.0074659 0.0033482 0.9999663
0.000000 0.0126441 0.0031114 0.0299821 0.0007182 0.0070150 0.0033287 0.9999696
0.000000 0.0126990 0.0031202 0.0300430 0.0009930 0.0066469 0.0037821 0.9999703
0.000000 0.0127573 0.0031285 0.0300938 0.0010350 0.0062557 0.0037036 0.9999731
0.000000 0.0128140 0.0031361 0.0301578 0.0010440 0.0058528 0.0038958 0.9999747
0.000000 0.0129385 0.0031472 0.0302952 0.0006787 0.0049762 0.0038007 0.9999802
0.000000 0.0130001 0.0031560 0.0303857 0.0005773 0.0046676 0.0035595 0.9999826
0.000000 0.0130485 0.0031731 0.0305257 0.0007478 0.0045989 0.0039322 0.9999814
0.000000 0.0131202 0.0031902 0.0306742 0.0005430 0.0042281 0.0038609 0.9999835
0.000000 0.0131655 0.0031997 0.0307615 0.0006398 0.0040957 0.0040754 0.9999831
0.000000 0.0132033 0.0032036 0.0307862 0.0005634 0.0038849 0.0041166 0.9999838
0.000000 0.0132332 0.0032110 0.0308671 -0.0086107 -0.0031208 -0.0216463 0.9997238
0.000000 0.0130316 0.0031851 0.0306248 -0.0155691 -0.0245736 -0.0426991 0.9986644
0.000000 0.0128201 0.0031538 0.0303465 -0.0153995 -0.0538509 -0.0448755 0.9974213
0.000000 0.0126866 0.0031268 0.0301290 -0.0139898 -0.0894513 -0.0435298 0.9949412
0.000000 0.0126302 0.0031008 0.0299239 -0.0119573 -0.1295961 -0.0410279 0.9906455
